20
60 6
1 2 3 4 5 6 7 8 9 10 1 2 3 4 5 6 7 8 9 10 1 2 3 4 5 6 7 8 9 10 1 2 3 4 5 6 7 8 9 10 1 2 3 4 5 6 7 8 9 10 1 2 3 4 5 6 7 8 9 10
20 2
90 90 30 20 10 10 30 30 40 20 90 90 30 20 10 10 30 30 40 20
4 2
20 50 30 30
20 5
1 2 3 4 5 6 7 8 9 10 1 2 3 4 5 6 7 8 9 10
10 2
90 90 30 20 10 10 30 30 40 20
20 2
90 90 30 20 10 10 30 30 40 20 90 90 30 20 10 10 30 30 40 20
20 2
90 90 30 20 10 10 30 30 40 20 90 90 30 20 10 10 30 30 40 20
20 2
90 90 30 20 10 10 30 30 40 20 90 90 30 20 10 10 30 30 40 20
20 2
90 90 30 20 10 10 30 30 40 20 90 90 30 20 10 10 30 30 40 20
20 2
90 90 30 20 10 10 30 30 40 20 90 90 30 20 10 10 30 30 40 20
20 2
90 90 30 20 10 10 30 30 40 20 90 90 30 20 10 10 30 30 40 20
20 2
90 90 30 20 10 10 30 30 40 20 90 90 30 20 10 10 30 30 40 20
20 2
90 90 30 20 10 10 30 30 40 20 90 90 30 20 10 10 30 30 40 20
4 2
20 50 30 30
10 2
90 90 30 20 10 10 30 30 40 20
20 2
90 90 30 20 10 10 30 30 40 20 90 90 30 20 10 10 30 30 40 20
20 2
90 90 30 20 10 10 30 30 40 20 90 90 30 20 10 10 30 30 40 20
20 2
90 90 30 20 10 10 30 30 40 20 90 90 30 20 10 10 30 30 40 20
20 2
90 90 30 20 10 10 30 30 40 20 90 90 30 20 10 10 30 30 40 20
20 2
90 90 30 20 10 10 30 30 40 20 90 90 30 20 10 10 30 30 40 20
20 2
90 90 30 20 10 10 30 30 40 20 90 90 30 20 10 10 30 30 40 20
20 2
90 90 30 20 10 10 30 30 40 20 90 90 30 20 10 10 30 30 40 20
20 2
90 90 30 20 10 10 30 30 40 20 90 90 30 20 10 10 30 30 40 20