20
3
5
7
8
9
10
11
12
13
14
15
16
3900039000
3900039000
3900039000
3900039000
3900039000
3900039000
3900039000
3900039000
3900039000
3900039000
3900039000
3900039000
3900039000
3900039000
3900039000
3900039000
3900039000
3900039000
3900039000
3900039000
3900039000
3900039000
3900039000
3900039000
3900039000
3900039000
3900039000
3900039000
3900039000
3900039000
3900039000
3900039000
3900039000
3900039000
3900039000
3900039000
3900039000
3900039000
3900039000
3900039000
3900039000
3900039000
3900039000
3900039000
3900039000
3900039000
3900039000
3900039000
3900039000
3900039000
3900039000
3900039000
3900039000
3900039000
3900039000
3900039000
3900039000
3900039000
3900039000
3900039000
3900039000
3900039000
3900039000
3900039000
3900039000
3900039000
3900039000
3900039000
3900039000
3900039000
3900039000
3900039000
3900039000
3900039000
3900039000
3900039000
3900039000
3900039000
3900039000
3900039000
3900039000
3900039000
3900039000
3900039000
3900039000
3900039000
3900039000
3900039000
3900039000
3900039000
3900039000
3900039000
3900039000
3900039000
3900039000
3900039000
3900039000
3900039000
3900039000
9999999999
